10960105
06112013
10964175
07053824
07489578
10960155
07011929
10960179
10960193
06617910
05006683
05680441
07000786
10960260
10960272
10960284
06015954
10960387
04079839
10960478
05029051
10964199
03015202
10960507
10960519
10960521
10960533
03743055
05102592
01655606
10960612
03222740
10960650
04687478
10960662
10964230
06242454
10960765
10960777
06026056
05160738
03435490
10960844
10960856
10960870
06121090
04683496
10960911
10960909
06621399
10964242
10964694
10960973
05344607
10960985
10961006
96069866
10961123
10960117
10960129
10960181
10960210
10960222
10960301
10960313
10960325
10960337
10960349
10960351
10960363
10960399
10960404
10960428
10960430
10960454
10960466
10960480
07031034
10960557
10960595
07482166
04730641
10960636
10960674
10960686
10960698
10960703
10960002
10960727
10960739
10960741
10960753
10960789
10960806
10960868
10960882
10960818
10960923
10960947
10960959
10960961
10960997
10961018
10961020
10961032
10961056
10961070
10961109
10961111
10961135
10961147
10961159
10961161
10961173
10960014
10961185
10961202
10961214
9962031
10961044
6660307
10960442
10960375
3733828
10961197
10961068